    PID
      1
      2
      3
      4
      5
      6
      8
     10
     11
     12
     13
     14
     15
     16
     17
     18
     19
     20
     21
     22
     24
     25
     26
     27
     28
     30
     31
     32
     33
     34
     36
     37
     38
     39
     40
     41
     42
     43
     44
     45
     52
     61
     94
     95
     96
     97
     98
     99
    100
    101
    102
    104
    106
    107
    109
    110
    112
    113
    114
    115
    117
    118
    119
    120
    121
    123
    131
    134
    135
    140
    188
    189
    191
    192
    193
    196
    215
    216
    255
    278
    289
    290
    291
    292
    293
    294
    295
    296
    297
    298
    310
    315
    374
    436
    469
    571
    572
    573
    624
    625
    628
    629
    630
    631
    632
    638
    639
    642
    644
    646
    647
    648
    650
    658
    896
    898
    921
    926
    933
    959
    960
   1001
   1003
   1006
   1091
   1230
   1476
   1515
   1525
   1526
   1531
   1533
   1535
   1552
   1557
   1564
   1569
   1575
   1580
   1587
   1589
   1594
   1597
   1601
   1605
   1628
   1701
   1702
   1710
   1717
   1718
   1719
   1728
   1729
   1740
   1757
   1762
   1787
   1794
   1808
   1838
   1842
   1843
   1847
   1850
   1861
   1866
   1867
   1878
   1885
   1891
   1902
   1903
   1905
   1907
   1909
   1910
   1911
   1912
   1914
   1915
   1916
   1917
   1918
   1920
   1921
   1938
   1939
   1956
   1958
   1974
   1979
   1987
   2029
   2040
   2093
   2154
   2173
   2188
   2196
   2199
   2200
   2203
   2283
   2284
   2299
   3168
   3462
   3677
   3723
   3724
   3960
   4044
   4618
   4619
   4622
   4623
   4633
