   PPID
      0
      0
      2
      2
      2
      2
      2
      2
      2
      2
      2
      2
      2
      2
      2
      2
      2
      2
      2
      2
      2
      2
      2
      2
      2
      2
      2
      2
      2
      2
      2
      2
      2
      2
      2
      2
      2
      2
      2
      2
      2
      2
      2
      2
      2
      2
      2
      2
      2
      2
      2
      2
      2
      2
      2
      2
      2
      2
      2
      2
      2
      2
      2
      2
      2
      2
      2
      2
      2
      2
      2
      2
      2
      2
      2
      2
      2
      2
      1
      2
      2
      2
      2
      2
      2
      2
      2
      2
      2
      2
      2
      1
      2
      2
      2
      1
      1
      1
      1
      1
      1
      1
      1
      1
      1
      1
      1
      1
      1
      1
      1
      1
      1
    628
      1
      1
      1
      1
      1
      1
      1
      1
      1
      1
      1
      1
      1
    959
      1
   1525
   1525
   1525
   1525
   1525
   1525
   1525
      1
   1525
   1525
   1525
   1515
   1525
   1589
   1525
   1525
   1589
      1
   1701
      1
      1
   1717
   1710
      1
   1728
   1628
   1525
   1757
   1525
   1525
   1525
   1808
   1838
   1838
   1525
   1525
   1525
   1525
   1525
   1525
   1525
   1525
   1525
   1525
   1525
   1525
   1525
   1525
   1525
   1525
   1525
   1525
   1525
   1525
   1525
   1525
   1525
   1525
   1525
   1552
   1794
   1794
   1525
   1525
   1525
   1838
   1525
   1525
   1525
   1525
   2188
   2196
    960
   1569
   2200
   2283
   1794
   2188
      2
      2
      2
      1
      2
      2
   2284
   4618
   4619
   4622
   4623
