    PID
      1
      2
      3
      4
      5
      7
     10
     11
     12
     13
     14
     15
     16
     17
     18
     19
     20
     21
     22
     23
     24
     25
     26
     72
     73
     74
     75
     76
     77
     78
     79
     80
     82
     84
     85
     87
     88
     90
     91
     92
     93
     95
     96
     97
    100
    101
    109
    112
    113
    118
    162
    163
    183
    184
    224
    250
    251
    252
    253
    254
    255
    256
    257
    258
    259
    277
    395
    396
    529
    530
    533
    586
    587
    590
    591
    593
    594
    602
    603
    605
    608
    609
    612
    621
    623
    625
    721
    732
    901
    910
    913
    942
    954
    962
    964
   1068
   1167
   1382
   1402
   1412
   1413
   1418
   1420
   1423
   1427
   1431
   1436
   1451
   1461
   1463
   1468
   1470
   1479
   1484
   1488
   1493
   1512
   1584
   1592
   1596
   1597
   1603
   1604
   1616
   1617
   1622
   1639
   1645
   1651
   1659
   1666
   1680
   1701
   1705
   1706
   1709
   1712
   1723
   1726
   1732
   1740
   1748
   1756
   1761
   1778
   1788
   1799
   1801
   1808
   1809
   1813
   1814
   1816
   1818
   1819
   1822
   1826
   1841
   1843
   1852
   1853
   1854
   1856
   1861
   1873
   1875
   1912
   2004
   2048
   2267
   2296
   2298
   2748
   3165
   3187
   3221
   3233
   3249
   3259
   3260
   3261
   3264
   3344
   3345
   3352
   3382
   3383
   3386
   3387
   3397
