   PPID
      0
      0
      2
      2
      2
      2
      2
      2
      2
      2
      2
      2
      2
      2
      2
      2
      2
      2
      2
      2
      2
      2
      2
      2
      2
      2
      2
      2
      2
      2
      2
      2
      2
      2
      2
      2
      2
      2
      2
      2
      2
      2
      2
      2
      2
      2
      2
      2
      2
      2
      2
      2
      2
      2
      1
      2
      2
      2
      2
      2
      2
      2
      2
      2
      2
      1
      2
      2
      1
      1
      1
      1
      1
      1
      1
      1
      1
      1
      1
      1
      1
      1
      1
      1
      1
    590
      1
      1
      1
      1
      1
      1
      1
      1
      1
      1
      1
      1
    942
      1
   1412
   1412
   1412
      1
   1412
   1412
   1412
   1412
   1402
   1412
   1412
   1461
   1412
   1412
   1412
   1412
   1461
      1
      1
      1
   1584
   1592
   1596
      1
   1616
   1512
   1412
   1412
   1645
   1412
   1412
   1412
   1680
   1701
   1701
   1412
   1412
   1412
   1412
   1412
   1412
   1412
   1412
   1412
   1412
   1431
   1412
   1412
   1412
   1412
   1412
   1412
   1412
   1412
   1412
   1412
   1412
   1412
   1412
   1412
   1412
   1666
   1412
   1412
   1666
   1701
   1412
   1412
   1666
      1
      1
      1
      2
   1680
   1412
      2
   1412
   2004
   2004
   3259
    910
   1423
   3261
   3344
      2
   3345
   3382
   3383
   3386
   3387
